100
78 82
64 4
29 41
75 9
45 30
58 6
50 78
78 22
49 93
49 42
13 8
100 88
55 45
16 17
2 47
85 80
28 49
50 24
56 25
33 68
21 58
40 37
35 17
60 84
9 75
92 89
83 91
77 4
2 59
88 71
5 72
50 0
87 66
24 9
91 23
77 78
81 16
15 15
100 41
66 8
15 23
98 64
81 40
34 83
99 21
53 70
60 69
70 12
34 60
21 92
84 98
69 64
80 50
46 79
91 78
54 72
0 17
36 81
57 36
29 21
58 82
91 84
16 27
96 17
53 17
8 36
81 43
67 61
60 12
39 50
56 59
89 56
76 24
3 32
26 32
19 84
81 10
67 97
3 29
80 56
46 88
59 26
98 25
53 57
3 59
73 59
17 61
81 94
51 50
92 78
83 78
27 29
88 61
92 57
90 72
12 1
25 71
94 22
62 47
45 65
