10
500
51 92 98 94 75 37 48 33 59 14 21 87 91 53 74 39 97 55 61 1 98 95 14 27 36 74 52 66 90 15 49 98 36 18 42 35 67 6 25 83 92 21 11 45 72 2 84 76 37 23 73 94 15 29 94 30 15 40 7 9 99 71 30 48 93 11 36 4 13 44 84 66 64 45 80 81 3 91 15 96 7 29 80 48 32 5 18 1 29 73 89 99 100 1 92 39 93 46 23 12 34 92 34 63 25 27 12 52 33 11 62 77 38 49 94 38 72 53 71 90 52 91 98 34 98 44 4 32 80 64 46 10 29 81 7 31 6 94 79 50 64 94 90 4 37 90 16 15 83 32 27 69 86 96 99 89 23 98 72 5 11 25 36 52 21 22 33 71 55 1 31 39 76 35 18 24 82 97 2 2 100 86 62 86 42 21 69 9 83 35 17 86 28 67 77 8 8 100 95 84 66 7 92 98 28 65 46 50 99 97 57 84 2 37 50 64 95 43 79 51 1 94 13 12 53 90 61 43 9 51 69 27 9 38 75 55 17 3 45 64 94 24 60 94 36 48 38 54 6 37 78 9 61 91 85 86 72 32 44 75 27 66 34 20 78 22 38 72 12 95 66 3 69 49 16 20 50 27 16 95 19 20 58 17 47 55 69 56 36 89 100 16 14 100 67 14 23 45 1 24 3 22 32 65 88 95 26 81 16 45 60 83 61 9 59 95 65 74 57 58 58 34 15 18 60 38 35 33 41 5 55 41 6 27 85 8 99 82 50 78 14 40 46 38 92 93 10 94 87 69 96 67 39 73 23 39 27 70 57 91 39 39 75 96 10 61 44 13 5 80 35 89 56 51 78 74 13 61 74 57 77 18 16 83 20 38 43 4 46 93 30 8 90 8 31 8 47 17 86 20 89 58 55 98 96 61 28 64 68 53 32 2 4 8 25 59 79 6 87 54 97 75 24 88 84 95 99 94 40 13 9 66 89 22 77 21 29 42 6 62 68 95 5 53 92 96 81 26 1 49 66 42 33 11 40 10 38 51 1 78 75 65 16 54 53 98 16 57 8 47 30 65 21 25 93 3 80 99 40 64 68 7 13 67 46 78 51 80 37 4 54 66 59 91 49 60 45 75 80 38 
500
8 80 10 96 20 98 24 64 43 61 93 58 50 46 57 6 26 14 35 69 31 33 85 64 16 2 46 9 68 24 51 85 26 52 100 59 44 72 59 22 21 54 55 22 4 48 19 24 32 71 72 47 55 14 48 60 2 97 14 40 72 85 51 48 30 41 16 44 46 79 29 60 54 72 27 34 64 63 21 53 36 8 23 54 92 79 19 13 76 62 24 13 52 94 46 39 67 1 11 95 94 66 26 62 43 39 94 96 74 98 100 49 48 76 94 36 12 84 79 30 58 95 61 56 12 36 3 86 10 3 67 43 50 51 89 51 73 64 86 34 84 52 57 75 37 86 54 57 67 69 10 9 83 34 36 58 85 13 5 54 25 46 80 27 31 81 59 9 39 84 18 13 57 4 55 12 37 36 18 49 59 63 17 55 30 33 53 52 18 19 32 1 77 11 58 75 45 90 74 58 21 12 12 38 34 54 30 2 21 2 20 18 19 32 8 31 51 68 78 80 14 94 25 63 19 80 44 5 60 45 41 38 17 25 69 33 28 80 97 72 86 55 44 93 19 75 56 65 3 49 10 92 97 67 31 9 3 80 91 69 51 59 29 12 60 94 81 60 46 57 96 82 9 31 14 26 59 17 68 52 70 42 98 55 2 83 15 86 64 42 2 61 33 77 70 81 40 65 50 4 33 50 33 33 27 53 10 82 44 1 92 36 63 9 44 38 47 40 82 88 44 53 70 92 76 87 86 31 72 95 59 72 14 73 42 94 91 3 14 23 63 37 4 13 98 36 23 7 51 99 69 50 58 53 57 44 92 23 7 73 45 48 90 27 72 82 18 23 53 11 68 35 91 40 50 30 90 89 65 26 1 92 65 55 87 56 48 12 61 68 63 59 40 90 95 95 51 3 2 22 60 92 79 23 26 98 24 54 22 90 65 55 66 16 27 15 39 93 13 37 68 58 64 98 83 10 92 35 95 42 83 30 29 23 99 11 84 3 70 1 82 5 93 36 44 44 94 65 38 2 18 17 96 75 94 20 79 63 84 44 56 26 77 10 97 78 96 14 2 81 24 72 59 3 98 19 84 67 63 5 42 69 74 13 100 80 92 1 4 100 60 73 76 91 81 50 51 45 92 82 
500
53 2 89 56 84 96 99 55 84 23 57 90 19 71 21 97 79 73 67 6 69 45 5 30 18 81 8 92 58 3 40 88 8 72 51 63 11 11 46 99 43 49 62 71 74 8 21 70 42 18 37 36 98 83 69 9 72 92 54 43 96 89 25 76 38 13 77 21 32 55 71 8 15 93 22 88 52 21 34 58 50 16 15 38 90 90 48 60 9 31 39 37 35 17 22 13 57 14 81 44 2 21 58 88 41 88 76 91 14 16 31 12 51 33 52 28 40 68 69 2 39 99 81 7 77 2 18 76 12 56 92 82 82 90 72 34 51 19 29 42 90 84 29 3 24 88 58 90 81 59 89 53 8 76 49 42 67 98 33 5 57 43 13 26 16 6 25 38 71 9 77 78 92 95 9 91 5 78 6 14 90 84 46 86 66 93 21 36 49 62 82 77 86 43 19 37 22 28 91 44 75 18 6 38 15 57 91 17 58 9 15 88 25 41 78 55 53 27 3 36 37 73 98 60 79 83 71 28 81 36 44 26 99 88 93 69 47 19 95 68 27 98 56 74 53 86 74 45 95 43 48 55 16 32 74 55 24 10 77 30 50 65 60 65 87 46 50 10 9 72 66 7 63 35 72 61 43 92 96 92 27 72 50 46 92 85 95 63 66 88 96 69 82 58 49 66 55 48 100 6 43 94 57 48 29 8 68 35 26 43 88 85 88 80 50 11 64 32 28 52 28 76 28 69 24 8 75 25 10 28 46 34 4 89 58 8 53 16 27 58 28 99 58 60 87 29 18 60 13 45 79 21 78 49 86 22 73 98 92 57 72 7 36 10 88 49 21 2 37 55 9 65 9 78 92 22 34 13 45 5 13 62 57 50 88 69 65 85 87 16 75 69 3 95 57 84 31 21 97 90 79 39 7 23 39 68 17 25 79 91 16 9 58 84 24 10 63 40 94 9 86 58 56 13 89 75 53 92 3 80 65 63 2 96 69 49 78 56 65 82 29 80 39 10 15 33 9 55 92 12 6 21 89 5 20 21 37 74 46 79 72 47 63 32 100 71 73 8 95 14 77 8 82 29 98 64 44 2 81 2 15 24 4 15 59 65 71 53 13 66 85 8 10 86 78 38 90 64 1 23 
500
87 55 85 94 61 11 9 15 7 60 6 34 66 87 77 83 88 96 94 31 22 73 19 17 64 8 33 22 79 31 3 61 79 50 52 88 6 58 76 26 87 51 9 76 65 26 86 6 14 51 65 71 50 50 25 16 48 1 5 3 28 8 42 23 29 58 45 93 36 18 69 80 11 32 35 83 57 67 24 73 89 66 50 19 24 44 90 42 94 30 36 75 90 52 60 3 55 91 50 69 93 85 15 49 73 37 73 84 7 6 79 9 19 61 49 68 89 89 8 73 18 97 8 12 49 5 86 60 88 81 96 5 2 26 94 2 62 28 21 5 42 58 62 80 71 36 13 24 71 53 63 81 48 89 34 78 36 22 82 24 49 78 95 96 55 99 33 40 93 97 98 42 90 15 76 84 78 76 48 18 20 15 65 26 75 7 10 54 73 12 39 41 41 83 19 53 8 25 28 54 69 44 43 51 52 45 44 52 71 55 31 20 91 71 100 22 92 36 56 87 65 77 4 13 43 15 86 46 74 9 84 93 50 26 39 26 73 80 36 16 71 24 97 60 51 5 56 7 70 90 33 52 92 31 1 5 53 61 36 64 17 28 74 13 26 11 44 44 63 35 79 88 79 80 71 86 48 97 80 24 34 7 35 80 67 43 79 77 57 43 39 14 34 74 66 37 35 82 10 45 14 62 33 33 54 87 75 68 62 24 76 68 73 78 2 28 17 73 10 71 65 92 68 8 28 80 99 75 26 91 66 64 74 40 20 51 6 96 74 3 64 50 100 40 88 12 56 41 36 22 57 83 75 37 4 16 40 19 58 80 63 47 90 91 33 23 81 92 90 90 48 50 52 22 21 9 75 90 68 94 58 75 2 72 50 73 74 40 87 64 33 48 11 39 21 11 36 1 68 85 4 80 72 84 45 72 79 19 83 78 66 80 44 56 16 55 87 9 96 40 59 43 91 83 18 39 11 80 29 24 16 80 81 74 19 74 18 8 49 72 16 94 57 27 73 56 80 74 55 76 16 29 79 22 3 84 26 21 96 28 81 44 70 36 2 25 79 38 40 70 45 68 62 96 3 41 77 89 38 51 55 66 11 99 38 97 72 88 13 50 32 96 4 34 5 4 51 90 18 27 
500
19 95 6 79 13 18 97 86 52 85 78 34 65 88 58 100 19 56 57 96 51 4 59 93 29 83 11 99 99 30 38 57 60 85 15 67 78 28 76 46 89 91 40 52 49 12 22 72 95 52 51 18 75 28 51 88 83 7 43 4 5 97 10 92 94 50 24 92 28 74 97 73 97 81 52 57 88 29 74 81 7 65 34 99 59 34 25 71 62 72 97 7 95 49 4 82 43 45 18 62 83 31 45 65 74 2 38 38 86 84 7 67 3 72 61 53 63 72 14 31 75 30 24 69 42 81 70 3 17 71 65 14 40 45 28 19 32 53 14 74 10 29 13 83 85 17 3 24 74 85 78 3 71 57 60 98 50 41 41 98 54 57 34 76 1 79 72 33 32 2 70 26 90 14 31 50 96 91 63 86 43 61 20 1 21 83 59 52 99 24 68 84 75 33 75 60 65 42 86 30 6 24 9 95 95 64 53 96 100 99 47 95 33 88 54 2 86 46 78 76 77 91 88 74 36 95 66 82 17 88 58 55 72 79 33 54 36 31 93 25 42 43 96 34 4 38 42 83 84 77 34 85 78 16 5 66 10 7 9 16 51 53 79 19 72 95 78 98 96 49 11 72 73 78 66 52 79 20 88 91 72 97 25 100 74 88 50 82 13 31 6 29 22 59 66 39 6 48 61 32 15 67 1 67 14 69 56 17 24 43 88 71 5 89 17 69 97 55 1 76 8 98 21 76 10 74 22 83 35 13 57 42 25 35 22 68 64 33 6 74 89 30 66 51 79 44 50 73 17 56 60 12 14 36 17 65 44 44 63 44 100 6 29 56 100 82 23 57 26 26 18 3 49 47 62 100 23 46 9 79 2 7 77 46 56 9 82 47 46 16 83 9 23 65 83 60 22 2 64 35 83 52 56 15 58 66 12 50 56 32 56 72 88 52 54 90 35 60 9 44 34 31 38 55 96 53 46 3 15 24 35 57 2 50 22 6 12 23 53 76 35 77 47 77 26 74 22 64 56 78 90 94 10 28 43 85 96 38 9 9 46 21 72 85 71 42 54 98 2 25 80 6 31 88 46 84 82 13 71 40 98 10 1 87 7 76 38 57 95 2 24 83 91 44 79 73 14 95 14 45 
500
14 47 7 42 81 18 86 23 79 99 97 41 16 94 60 68 54 80 1 99 16 100 75 4 44 16 60 91 41 15 84 59 62 93 22 85 58 1 92 41 89 78 35 83 24 79 88 52 43 86 49 94 94 77 14 87 74 85 65 13 47 7 61 11 18 31 18 14 12 54 88 44 88 90 68 16 77 29 10 75 61 31 2 68 72 100 78 14 32 85 83 85 94 84 32 88 91 58 41 10 49 51 17 11 69 57 56 81 17 14 47 18 27 95 80 1 20 3 75 28 20 62 68 4 11 3 97 90 51 53 23 67 19 76 47 30 12 11 53 72 58 76 33 17 10 76 97 66 47 79 8 61 96 37 67 8 69 70 16 63 9 67 13 91 65 36 99 85 20 50 86 52 29 50 16 39 62 38 97 91 18 20 72 74 8 17 77 99 38 23 98 55 16 94 3 89 88 51 9 82 57 52 8 44 93 51 84 90 61 70 86 10 31 68 8 92 42 90 49 95 35 98 22 32 60 66 85 34 64 72 63 46 12 60 9 77 94 58 33 15 34 96 95 95 8 72 77 56 10 16 31 80 79 6 79 19 80 43 5 70 63 33 52 26 29 100 55 90 83 46 37 62 89 74 36 68 15 9 90 16 1 14 84 64 47 51 26 18 25 48 23 26 89 9 75 97 46 64 99 96 32 19 29 34 17 85 84 78 44 45 50 24 17 23 10 59 74 8 98 86 90 47 39 7 2 81 81 29 2 76 25 48 82 57 33 97 50 94 23 94 48 96 20 20 12 9 93 37 38 45 64 54 24 93 70 60 44 8 47 71 41 92 42 70 79 40 36 83 36 35 98 66 7 99 50 48 97 38 6 61 64 61 57 57 99 11 93 24 100 14 8 57 83 28 96 78 73 98 92 43 3 18 3 30 100 31 47 77 71 30 76 52 66 19 18 50 66 76 10 91 92 39 85 22 27 5 98 16 46 57 30 65 19 2 86 5 62 85 12 61 61 44 2 74 69 44 4 99 82 96 49 80 65 43 1 46 61 67 48 84 81 33 60 65 86 31 15 48 3 23 85 71 31 58 4 11 94 62 8 60 52 77 24 63 6 23 74 22 59 44 26 20 90 74 68 59 85 79 81 7 
500
74 77 9 40 95 38 18 26 22 19 46 26 95 5 86 91 77 42 51 25 58 61 5 25 96 95 5 67 8 2 93 37 94 78 95 13 45 69 53 25 18 15 55 39 17 59 4 16 72 69 15 78 93 20 35 91 87 29 82 18 47 80 7 40 74 36 77 46 16 2 39 14 15 94 97 10 15 28 8 45 58 14 60 2 58 23 6 88 13 79 10 77 42 21 33 24 34 44 85 68 13 61 21 33 87 14 82 71 27 94 63 3 43 88 93 32 66 25 8 59 59 75 29 1 69 31 67 78 22 26 1 93 58 91 97 5 45 69 56 97 40 2 61 5 67 20 55 26 49 10 69 32 21 7 16 24 100 56 73 55 44 24 37 1 51 21 45 92 47 48 97 44 73 47 63 70 26 60 1 65 52 10 58 40 88 53 9 72 32 27 8 50 18 35 36 44 37 26 22 75 83 67 43 98 38 72 65 90 44 83 84 50 11 10 29 46 21 22 65 82 84 44 76 94 75 43 66 80 53 64 93 41 30 60 67 53 77 27 3 17 30 94 67 27 18 20 13 27 34 21 99 19 32 90 52 73 45 12 30 11 75 42 49 92 48 79 66 98 79 87 36 98 52 42 36 20 69 96 93 97 37 99 35 69 48 27 90 46 50 24 17 57 64 44 43 72 34 99 33 53 34 49 35 96 70 41 14 91 88 16 63 2 79 24 88 8 10 61 88 39 62 54 17 28 37 47 25 79 58 84 85 40 46 38 20 53 97 10 97 36 8 83 11 47 56 45 67 70 63 82 49 81 25 77 63 12 30 91 42 88 63 55 55 94 90 88 16 55 99 18 36 69 21 12 32 11 96 39 82 28 8 83 23 89 93 24 89 13 37 53 1 39 34 95 22 59 25 17 9 94 7 58 59 66 58 4 57 32 20 27 78 48 3 37 10 99 39 76 32 16 10 70 85 38 47 55 17 56 17 95 48 9 2 25 38 79 16 28 76 55 30 72 16 58 78 12 78 96 59 62 18 24 6 9 85 76 91 14 9 66 63 47 84 6 64 48 70 25 90 27 76 77 7 86 74 90 72 17 90 70 50 45 57 35 17 92 74 2 90 34 50 67 14 66 9 89 79 83 65 84 
500
98 64 56 96 23 50 45 1 85 67 90 88 50 77 31 77 24 25 55 31 45 11 19 50 48 78 40 2 29 33 28 5 82 59 74 21 43 95 3 89 68 20 92 87 22 34 83 91 11 34 83 14 80 85 68 8 80 72 34 47 81 77 82 11 66 91 24 19 19 70 59 88 3 85 20 68 69 60 97 39 66 6 5 17 45 4 16 79 20 42 16 23 63 51 1 86 35 32 9 97 36 72 71 95 61 34 98 67 74 48 67 54 53 51 80 10 1 65 86 32 66 40 70 60 32 79 23 43 91 55 35 73 82 96 50 1 63 32 89 69 2 94 11 19 39 71 95 77 97 62 79 65 48 13 84 40 17 50 60 55 28 18 74 58 90 78 63 27 2 7 48 50 84 27 72 61 20 47 64 35 70 83 92 10 45 85 68 63 50 91 91 98 3 91 41 47 43 91 88 13 68 61 43 70 54 35 92 63 17 43 11 78 43 50 57 1 90 90 77 41 66 25 91 78 24 32 6 72 46 59 95 74 70 43 24 33 58 35 20 34 18 4 48 91 58 59 81 43 48 78 89 48 32 55 37 6 84 65 49 70 93 52 5 84 81 35 65 39 95 29 98 9 25 35 74 76 60 53 6 66 10 27 86 91 52 50 2 34 86 10 18 99 4 16 48 54 50 68 48 3 97 32 85 17 41 29 79 67 45 88 41 69 81 36 79 94 98 96 46 7 31 76 56 21 68 96 81 41 60 39 70 11 11 13 65 68 3 81 91 15 96 17 6 22 57 17 77 41 23 52 91 38 63 3 68 6 31 32 94 32 18 41 36 10 76 58 42 27 96 56 18 59 24 95 67 20 48 69 5 25 54 31 20 100 55 16 36 22 88 93 15 90 92 76 25 32 5 39 47 63 54 3 38 70 83 21 29 47 55 78 75 52 23 16 80 69 72 9 93 55 50 67 44 98 91 56 92 86 62 54 59 65 6 86 9 93 25 6 74 10 11 49 71 97 27 65 29 1 87 93 73 36 86 20 21 64 94 86 95 88 56 16 83 60 18 87 60 86 2 83 88 89 78 75 24 38 31 40 24 43 47 49 42 58 73 86 50 36 70 73 79 42 70 9 56 84 17 63 19 37 
500
37 34 87 36 47 39 13 83 51 87 43 41 50 99 29 7 11 93 13 82 15 9 51 25 40 82 89 13 72 66 83 47 85 29 59 50 2 26 54 85 29 55 89 75 51 67 37 64 30 89 23 33 79 35 62 55 17 88 66 40 46 18 59 50 71 66 62 99 34 90 30 39 88 85 84 65 5 67 39 45 74 30 99 49 83 86 57 91 11 61 1 92 21 63 47 16 93 97 41 69 75 97 68 38 25 27 66 98 21 86 93 45 22 19 60 99 53 68 44 4 79 91 37 90 89 77 16 26 80 38 9 35 68 20 7 37 44 10 10 50 16 90 49 88 43 25 80 66 62 70 59 31 91 30 31 40 57 6 43 39 14 60 98 76 61 29 91 65 14 53 85 77 84 55 42 38 15 26 96 36 99 66 60 53 13 88 73 7 71 83 36 53 94 7 32 50 46 38 26 83 90 86 79 33 87 86 20 7 97 32 64 100 45 6 47 41 56 39 26 76 51 16 59 46 63 98 31 59 71 6 39 33 97 41 22 36 85 23 85 23 30 62 94 23 89 43 1 98 56 16 3 43 28 48 60 7 50 16 32 60 8 22 68 56 39 77 60 54 41 28 48 77 90 71 45 16 76 72 34 14 95 11 78 34 86 74 33 4 65 46 57 40 8 21 75 6 96 74 77 67 71 59 89 71 70 25 84 66 99 57 8 55 37 6 56 73 76 73 65 26 71 4 14 93 66 74 89 12 6 11 97 83 79 68 51 26 48 4 44 7 96 20 34 48 19 71 83 23 100 34 27 91 1 39 30 65 76 30 4 94 12 76 56 68 21 77 74 10 21 64 68 56 28 36 12 27 89 67 31 7 61 64 57 70 83 54 5 100 55 80 72 79 58 88 24 4 19 58 92 45 6 20 43 5 26 78 85 66 92 79 64 96 71 96 40 3 100 38 79 42 14 37 18 2 56 32 74 44 11 29 11 91 89 93 30 93 49 99 30 67 14 16 43 24 8 62 36 74 77 15 92 78 10 86 91 30 49 90 13 64 5 42 65 12 3 98 94 82 37 86 71 18 49 81 91 7 73 29 18 76 88 42 100 93 65 47 56 43 81 61 83 80 78 24 42 81 70 34 2 27 
500
26 98 5 1 12 1 96 99 87 95 66 87 76 82 7 75 11 64 28 86 3 5 100 77 54 99 4 27 4 17 58 23 77 27 16 83 5 86 18 76 28 72 3 52 37 45 4 67 24 46 81 42 80 65 74 27 95 81 5 1 48 62 38 62 12 79 9 58 69 75 35 34 82 38 52 57 27 19 59 68 34 93 1 25 46 24 59 99 35 31 57 6 14 2 19 25 13 10 78 23 48 47 52 27 97 42 34 1 39 16 85 2 13 81 17 95 61 94 6 82 93 98 74 85 81 5 42 48 70 55 9 1 87 5 37 48 26 82 42 80 99 5 72 1 68 31 10 77 69 72 79 36 77 93 96 52 22 67 51 15 21 94 44 38 89 34 80 42 96 59 70 77 40 8 5 95 94 94 85 16 75 76 40 43 81 82 40 14 60 55 45 36 66 90 88 84 61 77 83 30 14 68 73 45 35 25 83 12 72 61 12 67 10 36 80 95 34 90 66 74 63 40 26 76 78 77 55 68 75 14 55 47 71 39 71 86 26 47 85 77 93 55 67 64 60 77 32 89 54 89 90 49 16 95 84 39 49 1 69 83 42 84 48 4 87 60 42 83 18 27 5 47 33 84 13 46 43 72 100 64 46 30 83 65 28 94 64 52 31 35 86 93 12 13 62 84 31 72 85 24 26 76 82 22 34 39 25 97 13 72 15 71 39 89 100 75 51 90 14 62 93 79 69 61 82 70 64 88 72 58 10 95 63 58 59 6 40 38 87 35 67 6 30 86 71 4 90 95 25 37 52 3 87 38 73 24 73 84 39 15 57 29 30 72 28 27 91 82 10 24 65 46 20 88 87 91 11 93 22 34 58 87 24 59 82 2 14 41 31 86 73 85 7 31 51 32 90 94 95 44 76 92 74 80 78 87 59 3 39 32 17 27 5 94 95 68 76 97 85 93 77 31 55 57 9 93 62 26 10 62 27 88 60 5 29 92 30 35 30 79 45 72 47 90 60 73 19 11 67 49 74 48 87 90 21 87 24 21 49 77 12 66 61 84 13 8 52 84 69 28 16 78 52 93 40 43 38 52 28 94 40 76 5 79 95 66 26 96 8 82 14 11 53 83 16 48 23 44 98 50 

