100
95
98339 3744 98871 95083 60390 64231 73789 6247 2743 26818 46313 30213 88955 11117 98475 88520 5439 80293 3185 14689 82406 17541 79679 12191 43998 69133 40454 30971 1008 15361 965 15699 35456 16187 10781 95845 80417 922 18443 99511 44091 81107 29723 33046 92223 28198 37917 14014 8490 41101 45054 90895 74994 41084 19437 18991 10217 76242 49961 27576 91602 67277 43274 43409 83463 70407 39253 80232 87680 74047 79742 31770 55153 9465 64815 47376 54014 19083 77741 62503 60184 22794 69749 51529 63878 5537 70519 74094 81779 36832 1669 89732 20460 61295 33141 
23
31701 72393 84154 19380 62792 63895 51149 17944 89711 32316 81671 43724 67750 59411 22578 44285 98557 92326 95813 62434 97863 82684 52879 
93
35867 70899 85724 56326 32193 18864 60248 63893 7609 44401 99624 70400 24648 67125 4695 14358 15792 86366 58082 83541 62128 80659 27826 60684 89337 23638 39469 3551 6321 92347 99543 42187 63246 1618 98513 11790 20482 75112 92035 28090 35865 91658 14841 60512 58782 19535 91221 90925 22252 65654 74466 84380 62665 2291 61415 52001 42280 884 71903 64953 9582 87797 7139 89179 89414 22003 969 26247 13467 93003 70688 49331 1012 85528 26194 76146 21415 17414 67070 43666 83068 41535 44397 62084 60177 5812 14084 18809 23047 2338 83761 32628 90134 
51
38159 95899 29254 39127 38498 42720 48481 9185 8402 49492 11065 34595 41989 32479 68360 9059 92496 67779 66945 36893 29862 27122 59056 60297 45930 82102 62634 46042 31081 69119 53292 69239 81370 98897 24717 19867 57968 89549 29051 66369 55393 56467 17315 97381 88945 85675 6439 97793 53453 89736 34685 
15
16857 93740 43611 79138 92193 22597 41531 23273 91715 94822 8864 73084 93719 33580 9302 
38
39481 54705 34407 94873 11171 51721 92253 16468 53747 15044 14260 7200 4779 65296 90514 37987 75387 50476 33476 67579 73072 91358 7203 81139 86179 16066 70574 96249 65998 79876 64287 5478 34580 15045 16702 45750 83117 25306 
69
36864 56701 92828 44063 61479 74475 50928 15817 49861 1403 65644 33791 90827 57001 40994 71965 59532 57059 42538 55780 39408 22413 36418 44885 73344 51462 77938 35446 50931 3244 14014 87794 59944 23194 48208 37775 97668 99135 69943 47529 16889 35587 81319 7715 8939 38664 96031 68470 95723 38569 40602 35130 77333 77019 96367 67029 44833 74304 2474 95763 93899 32839 83556 53843 56032 48115 7969 53700 47249 
11
17580 80489 13497 15250 4556 38788 53914 586 7257 65988 55506 
58
17469 49191 41229 13835 16219 86061 4491 35044 98175 14741 67882 81730 68583 23914 29844 92903 93965 93444 70814 27896 73932 662 43145 78487 39449 13410 95425 46706 79397 50930 10915 96866 120 68495 27052 32690 54555 47894 67733 52729 62635 51967 50810 47569 75880 97005 40472 86196 6800 27637 14091 97084 28298 57235 91922 67747 86997 87346 
4
66393 54628 41718 79610 
99
26565 23014 3789 81119 87259 87873 50200 66245 39839 17361 13814 32070 30718 70637 18265 37517 98273 32355 34600 26570 5942 26522 10668 92938 30219 41471 75682 84846 99541 71644 55945 26105 94657 76085 23575 98267 80309 73774 64512 20148 7487 94677 52217 38204 81665 70482 75720 96289 19188 26672 39210 41481 69545 49878 34418 99763 7700 26452 961 7240 98095 73257 49696 9103 49341 73271 7369 29649 63396 88232 66148 70882 82908 18365 25437 80924 5198 1157 77212 40737 44180 16422 82218 13724 66299 32987 13486 73998 59438 30798 97590 73884 4054 63637 99338 69746 36907 23059 99395 
55
11290 81894 3888 10550 16610 29325 91473 21807 46833 68685 78896 91012 1458 61113 21087 67756 10451 50924 58105 86241 81722 55694 60124 85775 19331 75814 71873 72589 98872 71267 5595 26513 69512 25835 53414 86122 71511 44887 24280 34695 29923 3175 25706 31380 80639 63144 15487 91090 14067 73591 77330 12140 45637 53805 14267 
19
29618 86139 53907 44841 73757 75854 71354 43268 1688 41119 29389 89550 2357 53669 24244 32279 73195 66301 80010 
34
29444 11848 61275 59862 85439 54956 72002 47427 8760 86268 28745 54730 72406 99003 99570 46162 74856 87275 5781 92895 28394 35170 82444 30750 5190 6687 79381 78384 89339 75742 48569 18782 87590 26195 
44
89380 81150 50645 36806 89910 53264 81902 60991 25669 80904 76912 88182 72112 64187 93962 65006 8932 45483 63802 56033 50672 86840 51765 45408 76179 27507 10328 11312 31448 36523 89955 37179 17672 56951 73984 23933 10214 72237 1275 52234 53140 78187 40415 25251 
73
50729 6609 67656 96211 86762 23688 63235 73601 91805 24994 66131 35663 51673 77443 83462 88195 83749 20640 22219 57052 10975 62503 83617 83211 63778 35851 36350 41964 92617 77953 688 59697 84561 68343 72260 71322 8382 35494 61274 16538 76839 43757 52200 28511 21199 35661 33058 21299 56300 55276 94702 67274 34130 78319 66836 97907 30521 3186 56222 39489 81138 56909 99186 82050 41603 71445 69723 66337 23290 47348 82874 128 91104 
74
44990 28654 87086 78047 49953 43386 49674 44654 27011 83804 39324 93847 98062 69844 13384 54284 9333 10873 11192 8518 92922 69147 96314 78996 35483 35955 26343 18356 52434 17447 53429 97423 46100 40515 91822 12404 252 41495 57058 43614 41650 12733 37460 39712 82577 67195 93995 91909 78067 21538 16778 87340 90684 29443 66335 26166 65397 92678 60874 17830 26476 30654 15252 72575 71168 7073 1331 87771 64920 74740 31385 6569 87472 85196 
80
70048 68743 56626 78308 46809 94516 95085 34149 1551 24527 16835 44069 6275 25864 4942 24104 52339 35595 55708 41266 23115 79132 42596 10885 44051 17335 58621 66972 4806 60169 13251 91206 28911 86229 69513 92071 80744 64598 42571 98646 5476 59406 42714 28103 85269 47655 52206 53960 99602 24265 95225 22716 3397 54172 49952 63799 87858 24925 30770 92663 85093 60373 83868 30355 46601 53381 38777 43696 34330 81348 58693 56157 57105 1407 84259 58725 65413 52817 12684 65014 
33
24260 4081 13181 78431 54033 76980 66288 78957 7749 75303 80401 84473 75522 27107 47425 45254 65883 7472 95935 63582 66165 68444 20686 67571 52702 79411 49335 21870 8446 14349 31655 32706 18429 
35
27488 88813 21814 10128 84121 45915 1782 80873 30387 77303 7979 94164 22557 90214 1635 34843 53795 84151 3286 74481 51721 72340 70243 17408 94209 78688 31756 42215 27745 66536 87050 55233 55349 8863 81712 
21
71129 83493 36694 17868 60795 44672 12031 99703 34885 30017 50898 5032 14168 54183 95864 82240 26522 66106 99647 37083 61145 
54
79297 88890 14290 66346 60474 85990 91561 42185 41810 62689 25677 78503 96908 2823 39527 25290 18878 90763 55307 69775 95794 69474 23957 8009 68065 66831 90466 67712 3913 51611 15465 99561 56852 46106 65907 17325 48447 73819 59509 6609 52859 1537 85111 49767 20711 40989 75056 39588 31752 46714 25714 43897 16187 49671 
58
604 16501 58723 68315 36765 10333 131 36325 83536 46237 18583 860 11035 92401 76720 17643 45260 94608 19106 11378 15319 60094 2785 71258 8197 49499 96972 68446 82037 62994 36703 82640 79494 95425 50954 32610 22110 67437 68934 5645 30025 3869 22857 41059 96269 15928 75054 57880 10536 94159 69257 42206 70604 88394 13463 78801 37892 10434 
46
19928 89779 300 18920 69272 12076 86225 18233 34185 53661 3519 56182 83685 7387 79038 41096 3655 11317 16149 77887 21852 10307 63495 64057 80910 51888 93872 76062 89779 20657 39659 26059 10436 39958 44978 96059 52034 31202 14292 2570 84863 17810 75103 84899 41548 70492 
94
45202 81809 58494 39440 3660 68800 2935 84069 66062 54822 94292 58475 60953 14948 98134 87011 41735 54443 48340 37794 22828 95893 68437 41750 80755 2598 16852 82006 44145 87344 24351 5698 69152 82845 45138 89163 67996 64424 89583 50409 35597 83874 8884 96549 98822 23369 99911 56908 94163 64602 94701 16991 60495 63137 58740 57601 82086 91943 39606 26230 79286 80309 31928 48437 63153 93417 37600 47500 57840 27182 14261 93436 27408 23144 6337 42581 62864 22599 99488 57026 87201 94189 90368 47695 73677 65459 21647 72115 57402 77605 98344 36687 57913 46623 
76
37417 40039 55427 84916 14230 98960 99176 24018 26367 38671 46706 68947 17886 69304 68435 74912 72856 78975 81631 36902 69003 63442 58549 41117 20843 36153 55813 73881 94065 2435 91708 31481 58826 47134 32748 73055 46094 48276 13424 88812 3298 60129 74111 21184 29433 42545 12447 2288 37871 10429 39190 23225 73870 14090 64342 94712 50242 20154 84945 44306 38940 76652 92138 97765 23786 41237 87172 86231 89512 595 91394 9162 60724 65504 30345 6508 
100
59143 25147 62270 69571 80688 1847 43441 94777 66188 38152 45018 2693 39448 5675 57984 16100 14164 55749 56237 55401 59272 42467 61264 59866 33860 70425 36941 15716 17121 59800 40115 76263 84947 18737 45834 65634 20583 5626 60411 3122 43777 21780 22166 83225 43807 80149 15676 57970 52249 71912 29722 11520 30730 7338 87738 64589 94114 41030 96656 11235 830 36771 3849 85776 55507 66034 67761 76089 71659 44523 95562 31788 82655 17727 31364 26461 97875 47039 782 50124 18950 46856 77995 49679 54193 82084 30619 64658 23114 27275 92244 23943 80397 96093 26070 35903 62126 10182 28343 50137 
5
23904 81924 37359 57982 13287 
71
55856 60325 80952 22331 95626 44159 16678 61656 98351 98761 8626 79361 38226 52252 71604 62168 32648 67696 4589 84902 46174 14771 13244 96310 85827 53499 78233 39537 11480 7871 19707 83688 68195 17010 22370 80172 61169 55399 58179 75871 54160 66804 55231 92385 19056 26835 70905 51703 10882 91845 36605 73407 22967 66200 69716 8793 36051 64300 48329 63882 72170 84387 63921 56716 1397 86291 53239 78917 41689 11417 54787 
100
78221 26370 4585 97276 53204 91841 65330 80437 83685 18286 53844 6652 838 23559 31796 36888 4211 80125 769 92732 80863 64690 49448 82259 67332 2686 61175 25372 30455 32314 37572 8675 58683 58508 22302 28238 50348 87631 8674 50384 22269 78869 73387 23106 18780 5183 59993 22990 1659 77113 15721 82521 58154 81520 81132 25485 84206 42306 67209 14660 90971 4780 39686 66005 79639 61987 94242 46338 65969 19268 96721 88237 98136 70108 27694 16915 75290 87686 39904 93300 81151 55625 75820 39304 37144 56951 81141 37701 15609 48349 68712 6579 69480 24749 72584 49118 3087 83177 95455 85408 
44
8527 89996 580 94986 17690 17494 86627 21727 57398 79926 2877 29374 55746 58533 82869 12696 39673 36922 44656 4373 21985 51235 73852 63086 40170 39321 66172 23346 51127 51579 42142 59653 41575 42721 54639 59264 60214 57617 80990 33963 37543 219 79688 93288 
51
78909 22335 14775 32182 66991 19147 54166 34577 9350 33603 91098 48670 99775 14443 16148 51353 72936 75800 9279 15656 46790 68542 92222 4407 65884 42536 58301 66102 22224 51588 41204 17484 90274 55978 49665 57264 75124 20182 8192 825 53785 99289 49494 53559 30084 81993 21263 3019 57792 30542 18675 
34
15435 10896 41692 97670 69783 99992 63771 92006 67931 21326 25841 58204 77303 75505 31820 68778 12039 40011 69602 65823 39300 35447 35733 69383 17439 73347 72401 91583 20240 7427 28868 35675 34674 86911 
44
4457 86902 13467 12814 71184 34792 38655 29387 28447 30511 61206 97224 42549 1217 83178 24723 56868 34976 76807 26250 52415 50154 15002 60349 70393 38781 5568 22419 73454 92478 55763 77910 79379 85581 7076 66914 36724 45730 96300 65170 92592 73858 78746 35141 
26
78275 76215 48293 13250 53022 90894 82016 19527 22247 58716 89919 61027 64283 28690 34481 56760 84452 28742 52490 86384 52169 19403 23107 97898 32055 4629 
42
5912 99726 41982 13689 78000 34548 61981 7601 87569 69226 89617 23447 91472 64684 13366 52499 28967 58407 3331 2078 42858 48424 54568 45593 593 90322 68699 14842 22376 89679 21683 44639 89404 80016 58327 67403 14564 36659 91356 18484 5884 80972 
31
13708 62007 71648 82558 90973 30054 85888 93051 89263 50663 63970 34855 51255 54291 19905 66097 93019 9584 4131 37657 15339 84147 95984 99094 15062 48994 90449 33545 54878 87772 91827 
37
49778 63474 67494 40751 9879 69733 50153 99141 20395 14122 50347 88002 84764 86604 54098 77782 12539 74580 15439 27877 58726 27774 26970 73787 76767 33770 23684 47996 21541 31862 49284 87671 11688 16777 44773 21566 2861 
25
37059 39608 25398 3757 27609 26513 90360 98058 4295 19250 72637 36085 47127 47715 80210 90448 37853 73328 40570 61536 21324 62110 9750 86959 49780 
37
3736 94552 43002 22948 5828 96412 62555 47577 16521 90163 74090 6880 88220 78384 42482 77209 30820 5960 24923 11029 96407 62775 84356 36976 40663 22031 15438 50412 8990 81569 71848 29077 92473 31201 52024 98300 27613 
79
45877 60485 21093 36318 67364 25665 14701 26197 2873 61872 32156 44147 72900 28563 6921 73607 81890 47583 95638 13679 14346 20979 95248 86193 50055 4072 33746 18430 2371 77710 49360 64599 38194 70453 916 21909 12469 31968 48106 15341 10191 80261 59487 83090 25175 82759 73049 23417 46694 85038 37095 61039 6016 48694 63584 72422 52765 97329 7203 71488 75038 56563 52438 13231 43367 69706 35139 55835 18025 83244 87527 28216 63505 63365 11305 5031 46123 705 28447 
68
85742 81894 70207 91757 30587 50142 80530 99704 47470 87733 87543 38859 44295 39980 52089 4013 9685 3579 59847 44062 86823 47373 72277 66679 10737 99933 71709 73211 638 16508 82379 86379 98401 68937 94488 28987 19078 75017 45042 82899 79101 32584 21757 23395 72564 73845 27407 98600 77423 3605 42661 80597 50977 14937 47275 61713 14870 35336 51276 31859 51843 33654 18237 66595 2590 12724 95581 21667 
93
56975 4565 83193 89558 26321 22940 62121 16517 66698 77073 10291 70303 36085 90888 21279 51022 54514 99344 82243 6201 50619 14101 74395 84272 48689 40989 3213 61413 52922 24879 81857 9896 45795 65049 99453 88467 87988 77926 4983 54686 54998 31625 24988 91082 22512 62618 58455 93378 78313 57049 99578 28931 87501 73973 29554 36190 14961 49118 13954 84234 90348 95810 94129 36142 60858 93582 40960 65198 71507 62294 19883 42856 93919 61222 50289 32782 23839 8744 26159 2152 82144 25737 47434 69645 16061 93340 5834 47373 42457 36139 31607 32805 31948 
35
85298 9157 35668 42610 74354 23526 4903 10588 82733 98821 71809 33022 47955 12000 58117 74113 30503 40260 16201 77936 9904 32261 87627 32089 79634 46436 68227 27592 79240 16526 69678 80889 42035 5346 23498 
88
28871 44753 43328 11604 43573 31488 60977 91527 43487 19093 81992 73989 59352 98192 68277 85608 30453 55903 34048 26438 2338 18627 54029 97929 35152 40058 95170 77186 45403 18667 9926 90626 63419 53253 18581 23344 84740 79557 31222 44579 15001 13213 18567 90704 27757 3195 92663 58209 75450 26711 998 94139 45337 71378 92068 96840 11435 3589 74026 73190 38607 303 63815 18378 69907 98747 58073 70998 94655 89294 15576 9655 18859 50495 16710 46615 53689 9373 21175 45490 36083 38524 39629 81419 9901 48048 78258 37687 
36
68635 10876 90242 68937 91042 24971 55195 89788 83043 26193 84442 72337 41768 10448 7547 92262 27158 70513 62303 36530 8039 7792 72612 46562 63772 70382 72814 11819 64991 10500 79806 49978 37728 86400 35266 28769 
70
90461 18557 94413 16653 19350 83101 58420 29798 90647 67034 56955 77511 45688 93484 85549 69831 82447 48462 33603 69180 21275 61773 50522 48126 41579 499 85853 27978 35765 14622 39347 42577 49530 50111 59229 68879 33211 34000 98676 40209 17385 71982 34071 63072 81817 19619 32903 80615 84432 82857 49794 5706 44629 16668 53832 86207 17166 56036 30536 69282 87009 86235 28210 36538 52697 87438 5417 2260 37790 20444 
68
55174 8778 92891 18246 90594 28861 67500 87561 13293 66708 53706 18998 11336 70373 89181 13895 3891 61569 60782 73172 48577 47016 1382 85115 99713 5171 6883 1972 42960 43678 60791 14486 52455 70033 49083 59401 98894 32934 46961 12186 99641 666 47535 27328 87391 53068 41222 91281 14636 2004 64452 79564 65371 82185 64678 81435 3708 87912 99758 63019 31590 76901 93856 396 46933 42938 59796 62178 
71
23108 74363 75511 40126 38250 19191 27516 7669 60412 18796 38656 78767 99599 18219 60490 81784 82897 58276 1843 70808 58034 81213 18749 51286 75069 19145 14570 18006 78940 76748 10229 18400 67462 2091 58525 22063 21281 86040 29731 81693 4835 68386 76811 20785 86605 53652 18920 85853 11928 20762 73012 86313 1975 91761 37598 77043 10905 68519 11400 6196 45266 21628 24595 29080 23719 99471 51142 61351 1862 97225 43043 
96
65610 36206 43833 68566 89857 62752 54418 18136 83514 43782 4448 1840 35542 58397 95234 62798 26916 22985 68993 88533 44613 9940 17612 84683 25762 68754 46033 27624 65978 5428 50671 47939 57985 94503 16505 47841 57255 87274 82329 57120 31055 86776 58959 82948 45173 70544 45745 88440 93528 31090 76972 38140 57381 94584 39174 83142 79689 85207 10765 62018 6986 61436 9956 64970 55938 42812 29162 29544 30086 11490 86663 77492 14618 61973 76792 76142 32516 22536 64581 26044 69977 41552 80535 43709 52487 19709 26851 32175 21267 53967 94192 44604 31754 4148 9573 4044 
11
8 10 7 4 3 1 5 3 7 10 4 
90
32 42 89 53 68 43 41 46 18 80 89 86 52 32 18 15 37 48 24 64 35 11 58 72 73 28 32 56 76 25 29 45 39 69 8 68 69 5 20 79 74 86 15 21 62 31 15 41 24 19 83 48 46 66 3 22 50 2 34 88 70 75 48 89 45 15 74 19 53 88 39 14 18 5 61 11 28 79 27 77 10 29 31 51 85 18 72 11 17 61 
6
5 4 4 3 4 5 
21
9 4 6 12 11 5 8 6 4 4 4 1 3 6 15 17 20 18 4 6 18 
28
25 2 23 14 14 7 25 22 5 3 11 4 10 8 7 17 9 6 17 1 26 16 4 15 1 11 8 14 
79
3 36 62 28 66 45 78 34 9 37 5 32 36 10 7 36 10 48 45 32 60 61 20 26 14 22 61 75 2 71 12 13 40 69 71 36 29 23 76 20 24 9 16 15 21 28 50 5 63 13 65 66 43 59 45 54 24 6 6 41 70 34 63 10 9 34 32 42 9 14 5 62 70 8 2 35 51 12 31 
56
35 27 53 48 4 15 50 48 10 46 7 49 45 33 50 50 15 22 41 39 41 5 2 2 40 3 3 35 53 2 51 45 6 46 33 52 3 21 44 53 46 10 46 32 31 38 6 4 47 11 9 29 12 1 55 21 
6
5 5 2 5 5 4 
77
31 24 49 45 40 30 68 63 68 43 17 15 53 41 62 75 41 43 75 3 69 6 61 62 25 1 24 46 54 54 66 48 4 34 62 57 26 23 67 16 25 10 43 54 12 22 70 40 73 2 53 67 27 53 43 18 51 72 68 43 75 1 56 27 31 17 45 46 41 6 40 18 19 68 39 58 40 
40
6 14 16 7 37 33 36 20 12 22 32 30 39 27 20 15 5 12 7 20 36 36 27 31 8 3 28 15 23 9 16 22 19 21 15 22 21 30 21 1 
67
59 17 26 47 29 8 64 39 35 7 26 27 6 47 35 66 8 41 11 31 11 11 49 21 65 24 5 27 42 49 58 56 35 34 63 3 24 35 5 26 65 1 21 52 35 59 7 31 17 39 16 51 44 36 4 6 38 27 27 32 13 10 16 42 13 21 38 
27
15 18 6 22 9 8 10 15 19 6 14 17 20 8 8 21 15 2 10 19 9 22 2 1 25 14 21 
29
22 18 5 24 21 18 21 13 8 24 24 23 9 27 26 9 25 20 1 22 15 27 15 26 8 5 13 11 18 
23
5 8 21 1 11 14 8 19 6 7 10 2 12 22 9 9 8 13 21 6 14 6 11 
11
9 4 4 8 6 1 3 1 5 4 7 
76
8 32 10 43 10 18 26 71 29 7 11 6 61 14 27 46 70 23 42 65 8 40 2 15 67 74 51 60 68 12 30 21 59 34 41 14 55 52 14 67 45 26 37 32 3 65 53 42 32 65 71 3 23 30 64 73 25 69 69 31 75 12 12 11 44 4 66 26 20 18 19 4 34 42 37 16 
27
20 17 2 5 22 1 26 4 12 13 2 10 15 3 23 4 16 7 21 15 21 19 25 2 11 24 6 
87
85 48 17 34 43 49 81 17 75 48 23 17 60 86 30 63 39 29 16 38 41 33 81 55 19 39 37 25 31 75 73 11 60 21 76 2 60 13 31 74 51 75 54 39 42 31 74 24 85 63 76 51 33 82 8 24 44 51 74 3 46 31 5 43 76 31 51 84 84 44 27 66 18 3 51 32 78 83 29 29 64 4 59 77 62 82 22 
92
75 79 34 3 9 79 5 14 48 71 80 17 73 82 49 21 11 31 1 39 46 89 42 4 30 70 17 12 91 8 38 21 29 24 73 90 43 21 12 67 54 60 87 64 42 87 54 87 27 47 43 9 16 59 20 6 19 9 79 64 1 7 87 48 31 28 43 25 48 55 91 1 14 29 16 8 68 69 46 67 88 54 82 47 25 40 65 34 18 80 86 76 
66
33 7 46 26 46 6 13 54 34 19 24 33 49 49 28 19 17 46 51 58 35 59 35 32 6 40 45 59 13 30 58 29 45 6 62 29 54 34 30 57 5 54 8 23 31 44 9 14 1 49 10 59 61 39 17 20 13 41 6 44 41 1 32 60 50 44 
24
18 22 17 2 10 19 9 19 6 23 11 13 16 14 11 23 17 23 3 8 12 9 6 19 
24
4 2 6 4 22 17 20 8 17 7 13 18 4 8 19 1 16 16 19 18 11 2 22 22 
69
26 24 29 61 43 59 41 12 8 28 19 2 59 55 23 43 65 9 2 50 24 5 13 36 24 28 62 19 19 43 39 52 66 58 34 20 8 54 9 55 7 7 40 63 4 61 22 68 43 47 62 33 50 28 30 7 67 11 46 48 37 30 32 51 45 18 20 66 60 
18
7 11 1 2 3 9 7 5 13 17 15 8 17 14 8 4 2 14 
2
1 1 
64
41 31 52 31 43 7 42 45 17 26 18 33 44 31 5 13 20 54 3 53 60 28 56 42 51 37 57 35 58 27 15 17 35 60 40 59 26 53 61 30 58 38 23 2 17 38 12 54 46 14 30 11 63 15 8 15 37 51 60 19 49 54 59 13 
65
12 44 63 26 14 36 2 2 31 49 18 33 61 64 18 28 39 9 35 60 15 57 48 16 16 1 30 16 42 42 17 11 16 61 38 55 29 40 48 61 28 36 41 43 11 18 11 13 11 60 56 38 49 19 7 60 34 36 28 28 24 40 52 20 15 
87
60 10 30 20 28 82 39 1 59 77 49 77 35 8 62 1 57 2 85 29 68 9 56 7 60 75 74 83 47 16 54 26 9 64 61 45 9 73 26 17 86 79 25 19 9 16 86 17 71 44 28 17 78 83 51 76 56 1 58 42 64 18 38 56 79 62 81 47 48 11 71 34 29 31 1 14 71 10 79 68 78 56 2 29 31 52 36 
83
9 30 47 79 67 2 9 29 34 55 76 45 77 61 73 7 62 39 6 48 37 3 25 44 5 5 27 56 9 16 22 55 46 56 54 68 8 43 56 58 43 17 48 47 36 3 24 80 59 28 6 14 72 14 81 69 27 81 76 80 48 17 40 43 2 75 12 17 66 59 17 65 58 4 19 81 77 60 42 32 54 23 24 
74
49 56 49 4 66 71 67 46 47 30 14 12 41 30 28 34 47 68 37 8 17 68 61 39 34 39 47 34 18 2 41 51 18 47 8 36 66 13 33 60 50 40 28 69 52 66 60 37 56 59 71 26 12 21 66 63 38 51 59 37 1 19 6 11 43 31 2 22 30 45 26 47 56 62 
3
1 1 1 
73
60 50 38 1 49 48 66 67 17 36 57 44 12 25 59 1 14 30 49 58 40 3 10 64 15 11 41 52 11 42 51 14 17 45 1 44 69 68 51 20 64 49 66 64 59 57 67 68 21 13 41 54 35 17 19 3 13 71 14 39 34 53 63 5 54 68 12 37 31 57 18 61 21 
2
1 1 
39
30 23 38 21 16 1 13 17 4 4 9 14 3 16 38 6 10 30 16 19 5 32 20 5 32 24 27 17 16 32 2 2 3 33 14 31 16 29 11 
9
6 2 5 8 4 2 4 8 7 
95
77 18 83 6 92 41 54 24 35 4 3 74 65 50 30 86 64 45 86 38 90 51 46 87 58 6 94 53 56 22 70 39 79 61 31 33 37 17 88 35 19 61 51 20 91 37 83 35 74 72 33 63 23 78 2 32 35 84 42 68 6 80 46 18 62 78 54 78 65 41 48 78 91 67 68 79 1 54 53 73 38 67 47 67 68 78 53 14 14 81 71 26 27 88 88 
56
42 34 13 50 24 31 55 32 4 12 25 2 30 45 31 44 14 2 2 41 24 55 52 9 39 38 2 39 31 41 55 32 31 44 9 17 38 27 20 48 29 17 13 22 55 43 10 26 54 55 14 43 25 30 34 48 
81
14 69 48 18 47 64 38 6 59 65 60 53 21 30 12 39 52 75 74 60 22 62 74 59 30 73 76 28 36 65 22 79 70 32 44 30 36 79 50 65 68 62 6 49 58 20 23 80 52 5 54 33 77 29 60 12 34 15 17 44 5 16 21 7 73 41 52 21 71 40 50 43 54 43 75 30 24 69 71 35 40 
71
27 44 64 69 30 9 9 58 3 55 53 45 39 58 39 65 40 62 2 18 65 64 43 7 66 22 10 54 27 70 11 24 59 20 49 43 11 65 34 67 17 54 35 70 6 12 12 48 29 46 47 1 67 10 33 43 20 18 62 21 12 24 45 3 13 1 45 70 50 33 13 
73
61 66 35 12 62 19 4 17 13 41 49 52 8 40 6 9 46 31 58 3 5 7 68 39 54 31 15 4 47 70 48 38 12 30 60 32 69 63 8 11 68 56 26 60 65 28 64 24 47 54 30 43 64 32 67 1 51 6 34 51 69 24 59 20 38 2 53 25 59 53 4 72 58 
71
38 11 65 41 23 53 21 69 31 6 17 20 7 45 24 20 34 36 23 26 63 40 35 2 2 46 24 41 14 49 45 17 27 49 30 22 32 49 55 20 24 32 2 38 29 22 15 23 41 40 40 32 63 41 48 57 3 1 39 24 22 24 41 47 12 42 36 35 58 6 32 
98
72 82 89 4 44 29 80 92 38 82 81 31 34 71 54 7 93 30 87 33 76 27 64 89 13 73 46 93 4 43 16 85 83 19 81 12 50 72 1 84 4 31 17 27 37 24 19 66 62 3 93 59 29 56 41 28 96 85 84 90 53 20 72 23 35 73 23 35 56 79 66 72 5 54 47 23 19 60 25 11 18 6 19 68 46 63 35 81 4 87 1 76 9 10 33 75 97 88 
53
12 10 31 7 47 39 12 17 21 34 52 47 13 27 21 9 22 29 39 24 8 29 1 29 37 5 42 15 20 41 8 29 7 32 50 35 12 25 22 13 32 39 30 22 37 8 44 21 24 2 44 24 30 
93
25 16 5 14 41 26 27 24 64 61 5 82 34 42 89 8 6 84 28 75 90 50 79 44 45 2 5 68 83 53 58 38 79 36 62 66 76 30 7 16 89 65 52 17 39 51 58 88 81 1 33 82 5 52 64 54 62 6 54 51 36 41 64 30 89 82 57 71 40 72 59 4 23 27 42 26 85 82 6 37 14 40 17 3 47 13 16 4 18 19 40 58 82 
21
17 3 5 18 12 19 11 17 11 4 5 8 14 19 15 7 10 14 10 2 13 
22
13 3 8 6 18 20 5 11 21 14 8 12 6 15 9 5 2 17 10 6 3 15 
42
3 17 35 24 10 8 35 1 25 34 32 30 41 40 41 17 24 40 16 21 41 38 26 8 4 23 39 22 23 30 38 3 13 30 2 9 33 22 5 13 20 8 
94
43 63 68 83 18 42 21 39 64 3 62 53 5 74 82 62 76 42 55 17 75 2 38 84 59 50 11 58 21 18 3 64 80 70 46 64 19 88 27 21 49 80 77 75 13 38 2 55 45 18 29 56 64 8 57 74 66 78 91 20 93 71 42 90 68 5 8 55 31 80 56 62 56 30 75 46 31 29 42 48 9 39 55 72 47 12 64 41 88 35 33 58 76 22 
77
11 61 39 72 69 68 66 26 7 52 10 15 7 10 55 46 45 4 20 8 32 41 15 62 2 53 22 72 69 60 18 21 7 36 35 13 45 58 27 13 9 60 27 11 21 16 57 1 39 8 51 25 48 19 45 6 54 31 70 71 39 34 58 60 50 30 39 65 39 4 11 55 26 26 31 13 52 
29
22 24 5 14 5 20 13 10 10 13 8 25 16 3 19 25 26 15 24 15 20 6 28 8 5 7 18 26 14 
