100
50
79
28 64 17 54 9 14 30 45 41 29 66 68 27 29 16 41 47 42 4 71 64 67 20 69 53 58 76 74 51 29 65 11 60 61 51 40 78 18 18 59 59 5 63 61 33 15 27 4 12 47 8 7 56 42 29 11 10 9 73 69 21 75 61 44 78 9 29 13 40 25 76 54 3 31 65 1 39 72 57 
80
5 24 67 39 15 5 13 27 55 57 57 63 44 27 27 4 2 37 6 33 1 7 23 24 63 54 29 47 78 61 34 8 17 23 54 42 37 16 17 20 19 70 56 24 54 9 30 28 44 64 43 59 59 35 71 44 40 62 47 73 58 14 56 30 32 78 7 31 45 11 44 26 2 54 13 24 58 63 25 62 
75
27 71 71 60 37 29 42 17 52 13 53 57 10 42 20 59 34 58 39 49 32 65 20 71 47 19 58 55 22 3 42 8 72 45 18 13 16 28 12 50 52 7 17 19 13 6 37 36 20 35 62 32 63 49 61 49 68 12 7 63 49 17 34 62 23 67 70 45 72 5 64 62 49 13 32 
47
36 31 37 38 7 32 6 17 28 32 22 22 5 22 5 18 36 39 18 40 7 36 38 22 12 6 24 37 10 15 26 17 4 7 46 36 35 7 30 8 29 16 18 18 43 30 31 
59
27 11 21 21 47 28 31 47 44 10 38 14 32 1 31 10 11 11 41 31 3 32 39 5 10 13 30 12 2 22 9 12 14 29 1 14 51 47 16 10 36 36 24 50 17 39 15 41 35 23 52 51 52 5 28 21 54 21 19 
5
4 2 4 1 1 
69
40 55 7 2 68 24 34 9 20 56 24 15 12 5 60 67 11 30 63 48 20 67 35 67 3 22 61 28 20 8 43 43 66 6 54 53 21 25 52 3 34 58 5 7 31 18 3 57 45 16 33 17 27 41 33 3 46 56 35 9 29 33 51 32 8 14 25 40 21 
66
38 53 32 15 24 16 17 21 4 31 32 33 15 31 56 21 38 14 32 56 35 39 30 29 52 64 25 8 15 38 53 42 61 14 51 64 60 8 56 52 37 10 32 47 8 54 14 43 12 42 50 2 2 52 62 53 16 21 60 65 28 12 5 16 15 61 
45
33 7 8 31 3 32 42 17 43 15 7 29 18 3 44 42 29 19 7 8 39 41 7 8 39 39 15 15 42 10 10 4 36 1 13 19 31 6 12 9 2 3 37 39 21 
25
23 21 24 6 2 9 14 22 20 5 7 16 13 2 20 1 14 5 21 14 1 12 1 4 20 
78
37 46 58 66 35 62 14 59 22 58 59 70 14 43 32 7 59 67 46 49 51 69 76 14 38 41 51 13 9 9 70 68 59 17 37 30 31 24 36 70 7 46 36 4 76 6 69 65 68 16 32 24 45 1 43 4 17 62 70 34 31 77 18 22 23 54 70 53 9 46 58 62 56 77 29 53 37 26 
87
48 56 81 70 84 12 40 58 34 45 27 38 53 24 82 86 3 79 14 47 7 66 36 61 27 36 86 13 83 25 21 16 47 56 79 86 13 65 30 2 34 15 49 16 4 46 14 50 4 79 85 42 12 78 29 76 12 5 48 79 51 4 58 36 16 74 17 7 75 51 22 24 18 73 79 63 38 28 18 69 65 59 59 28 39 3 52 
44
30 39 21 12 28 1 25 40 19 31 41 10 23 15 20 17 40 19 19 1 10 1 24 32 5 15 5 5 26 31 3 19 28 23 27 23 18 14 33 1 27 4 28 8 
63
56 36 10 12 36 53 40 19 6 59 3 20 56 29 58 5 36 12 50 60 20 17 4 55 57 14 39 20 49 6 54 57 11 34 36 50 45 25 54 20 12 39 62 50 3 53 57 18 47 6 19 11 21 18 12 59 6 13 3 21 38 56 1 
46
29 44 10 19 43 6 19 1 28 8 8 19 8 3 11 21 10 44 20 44 14 3 20 1 4 25 13 21 37 31 38 20 12 34 36 1 44 40 35 16 3 36 13 32 43 17 
50
4 3 31 39 8 26 22 13 12 44 16 31 9 46 1 14 6 28 17 8 10 36 28 10 17 6 25 44 29 38 4 26 39 36 45 24 33 31 48 24 30 40 46 36 31 39 42 3 3 10 
12
5 10 10 7 11 8 3 7 1 8 5 6 
30
5 2 23 27 16 14 25 27 29 28 4 14 15 28 18 23 28 4 18 23 21 21 1 28 11 3 13 2 18 20 
60
34 47 32 57 46 59 18 15 12 27 8 15 47 14 15 53 6 57 46 5 48 48 45 58 1 25 10 31 42 46 31 55 12 42 59 35 25 18 37 58 36 57 25 8 22 18 52 54 10 49 16 13 8 40 29 54 44 31 36 38 
33
5 7 30 14 25 6 14 15 21 27 7 2 28 4 1 24 6 6 9 2 5 5 11 8 11 29 5 19 21 21 18 19 25 
85
29 45 39 45 73 66 50 52 11 6 84 73 33 57 67 4 23 67 69 36 72 2 6 53 20 30 48 78 38 23 57 3 72 44 7 34 1 59 33 25 36 47 54 14 37 41 58 23 82 5 1 66 75 75 49 46 18 55 31 71 3 13 39 12 44 4 33 40 36 78 33 53 14 50 5 79 43 79 53 43 24 23 6 45 47 
90
59 37 28 22 33 31 19 17 22 6 54 46 67 47 2 46 42 80 50 84 55 72 33 61 16 77 7 63 66 65 51 45 87 83 27 57 48 62 45 2 11 42 20 10 44 17 3 23 19 86 30 70 6 48 20 63 12 70 59 50 53 85 58 3 85 71 38 34 41 57 43 84 26 45 58 44 82 87 33 52 28 49 75 9 64 39 31 22 40 35 
59
43 20 53 28 11 13 20 56 7 41 24 13 43 39 51 42 7 39 13 11 44 9 31 10 44 24 49 15 13 39 25 42 45 32 42 25 2 57 33 56 17 26 41 35 41 33 7 45 54 25 41 49 9 31 2 55 58 40 45 
75
47 20 32 45 17 22 57 39 63 15 16 47 59 21 23 51 21 40 69 25 55 60 72 3 43 16 20 16 47 28 54 9 43 21 55 53 42 4 62 60 37 24 32 3 67 10 73 69 3 28 63 18 47 16 26 25 20 56 73 8 28 11 20 64 3 15 39 56 5 65 72 30 26 57 55 
77
11 12 35 67 13 24 16 73 51 66 58 56 18 66 49 23 30 72 52 67 60 65 14 1 4 35 44 23 67 38 72 69 15 15 46 24 42 16 71 61 37 57 52 1 65 9 49 34 53 71 71 60 8 26 22 72 70 39 38 11 28 8 71 20 44 71 35 29 38 62 47 61 47 70 20 54 61 
46
28 7 14 34 22 5 17 22 13 44 4 39 23 44 20 23 23 40 33 31 38 45 18 19 28 15 45 16 11 2 44 36 3 22 8 35 26 7 34 23 34 4 20 30 32 8 
45
19 14 2 6 10 35 6 29 6 14 37 36 10 19 6 1 19 18 1 32 2 37 25 3 24 33 31 32 34 27 16 39 28 4 33 4 32 9 34 15 37 19 35 31 43 
67
31 56 21 2 64 66 66 13 32 1 18 40 36 40 32 53 63 51 60 35 17 14 11 32 62 44 17 39 38 3 20 13 55 4 6 25 29 64 15 19 33 47 30 19 15 43 46 43 17 63 7 25 65 27 37 15 21 15 6 35 2 5 48 35 62 29 60 
2
1 1 
96
44 11 24 30 51 47 53 50 30 83 42 91 60 68 65 73 37 52 93 75 68 43 28 29 71 15 82 66 58 92 42 87 94 40 84 46 89 14 81 86 7 71 75 87 70 11 38 62 37 86 29 80 65 10 50 79 91 68 88 34 9 74 27 48 10 72 36 75 52 74 81 74 71 55 60 40 17 49 54 54 34 34 85 43 34 28 33 53 15 66 13 41 44 12 50 68 
100
24 71 73 4 45 95 11 56 34 27 5 39 32 90 73 16 88 15 2 67 54 82 17 19 22 61 30 23 80 29 46 50 53 1 46 47 63 2 81 42 6 71 73 95 43 89 34 10 90 1 9 95 34 77 13 7 89 43 29 68 23 26 18 76 78 63 22 41 16 54 82 21 25 6 68 19 46 1 28 35 53 88 82 38 65 94 44 53 88 24 73 63 49 90 38 79 4 11 19 20 
17
9 11 12 16 6 12 6 3 3 7 1 2 4 7 16 5 15 
57
47 42 34 18 20 45 25 44 18 6 42 15 30 1 25 11 49 13 44 23 18 55 15 55 33 40 30 39 44 18 25 9 19 12 33 30 16 35 19 22 10 12 5 55 30 25 20 31 23 2 29 35 53 51 32 31 14 
57
49 18 39 22 45 3 17 5 15 24 36 55 37 35 21 39 37 11 35 39 33 19 12 3 2 34 31 32 5 18 41 18 56 28 19 7 50 26 18 14 25 15 1 26 46 50 29 51 46 10 53 39 47 2 30 15 50 
84
71 75 51 23 18 19 42 43 64 43 12 74 58 41 12 56 36 73 14 54 61 29 63 10 64 36 14 7 54 32 49 48 47 43 36 38 55 78 78 28 19 43 6 39 67 5 20 6 33 82 67 48 66 3 62 24 8 24 55 40 67 43 29 21 20 7 7 77 42 1 82 32 67 27 36 32 20 19 50 68 36 52 29 59 
11
1 8 3 2 8 6 5 5 8 2 6 
20
9 13 13 5 9 1 1 14 18 11 13 15 7 17 7 19 6 3 14 1 
97
10 79 31 26 53 3 26 59 73 96 67 40 74 48 46 22 38 87 79 41 72 51 48 85 36 43 75 1 43 71 10 73 54 88 25 8 13 35 81 64 82 47 3 56 46 48 29 84 34 7 76 5 9 75 41 45 69 67 63 38 58 87 43 45 11 50 9 30 72 79 76 75 86 74 74 14 9 60 72 84 16 81 10 9 77 30 75 73 92 64 82 78 58 27 40 8 87 
88
37 59 18 65 85 3 38 10 68 46 69 40 81 37 72 42 45 48 71 71 72 14 87 53 43 44 31 34 51 18 21 40 76 39 56 12 45 21 61 42 42 52 22 30 23 15 74 22 37 50 82 44 26 28 77 76 45 49 67 72 87 22 35 32 66 55 7 48 43 80 77 17 46 2 38 82 82 83 79 78 26 56 5 54 84 1 3 50 
72
41 24 6 13 15 48 60 57 25 62 58 43 18 70 24 56 30 6 1 70 59 42 21 23 56 68 34 65 22 41 27 12 3 36 50 28 67 69 50 40 25 47 27 2 4 71 64 5 11 24 45 18 28 29 36 63 45 12 36 48 36 35 26 38 5 12 22 45 56 1 52 69 
13
9 12 4 8 12 7 6 11 11 12 9 3 5 
23
4 18 17 1 15 6 15 10 1 2 10 18 22 8 12 19 17 10 5 12 18 2 22 
43
24 30 29 6 19 32 18 29 22 24 34 32 6 19 7 5 35 27 40 21 24 32 16 11 33 8 31 20 17 18 36 12 28 18 7 8 15 27 20 6 36 23 6 
62
2 60 52 43 17 2 7 45 60 9 52 11 19 44 40 45 38 59 41 16 4 14 58 37 15 5 14 42 57 54 10 10 12 54 21 58 31 9 26 15 58 12 3 59 61 17 32 35 40 16 24 5 19 7 60 8 14 41 4 36 47 35 
48
25 8 9 42 4 30 28 7 7 9 14 32 22 6 16 25 41 14 12 40 19 4 12 5 44 41 27 24 42 25 18 15 22 23 15 47 9 36 10 38 42 42 10 7 39 9 12 23 
83
45 20 81 52 79 59 61 16 53 20 9 38 70 29 47 21 11 1 43 53 44 13 62 66 6 49 18 44 27 28 56 80 75 2 17 31 16 3 53 28 65 53 23 17 2 18 82 63 77 69 21 21 69 38 16 65 71 40 65 46 23 32 80 77 60 34 10 51 43 52 34 71 72 54 40 43 58 60 28 77 56 77 70 
20
4 13 16 19 17 19 9 14 4 19 14 12 19 3 10 7 7 14 18 3 
13
1 5 7 9 4 7 2 11 3 11 5 8 5 
74
58 16 33 11 5 34 38 36 46 48 33 2 35 54 53 26 19 9 19 49 25 47 71 67 51 12 58 27 15 61 64 2 56 9 1 63 16 56 70 15 4 61 26 60 64 58 37 11 10 26 63 4 63 43 48 5 17 15 68 52 7 37 66 10 30 41 61 27 51 59 34 22 61 31 
69
65 36 16 66 39 22 2 57 35 30 53 27 67 37 62 52 59 40 19 23 14 21 1 51 39 40 55 24 49 60 5 2 41 60 41 63 42 3 35 25 5 55 38 27 34 49 17 9 49 14 2 48 18 21 43 11 45 41 21 45 4 21 63 37 26 65 36 28 34 
55
20 44 45 15 4 33 51 43 20 9 9 23 18 17 38 9 54 25 36 6 7 50 22 35 14 29 16 9 11 30 31 52 48 35 41 3 2 27 51 13 19 6 42 51 11 3 46 14 2 54 34 7 49 13 13 
22
13 6 20 3 13 18 10 14 17 4 3 6 1 20 7 7 1 19 19 11 13 4 
99
53 11 68 65 53 46 28 57 26 87 84 20 26 36 90 60 46 8 3 56 1 28 87 65 50 11 62 1 24 17 76 27 66 93 31 11 20 87 88 6 22 7 32 10 97 43 55 56 45 10 9 73 96 73 22 58 86 74 81 2 72 9 80 89 1 11 51 72 49 39 30 71 45 13 32 93 55 86 49 95 57 24 42 81 97 52 67 71 32 20 94 92 52 83 44 14 33 16 62 
71
45 68 9 15 12 63 12 14 46 20 37 1 34 39 19 56 22 49 66 41 31 9 54 16 24 68 38 20 51 57 28 18 69 43 17 56 63 2 52 22 65 11 33 30 4 16 39 57 31 14 20 34 27 13 44 45 55 12 63 26 27 7 30 70 51 20 62 52 16 65 19 
6
1 4 1 1 5 4 
15
4 1 7 2 9 2 10 4 12 7 2 1 3 4 14 
60
38 34 39 41 14 27 18 58 54 43 21 27 11 57 12 33 50 20 28 56 6 34 9 57 10 21 20 39 17 2 56 29 3 57 57 41 14 14 23 48 16 37 56 52 12 34 5 2 23 1 39 9 36 53 4 33 3 25 19 45 
92
56 52 43 25 63 29 55 33 56 21 29 57 59 79 17 78 14 79 25 5 84 81 89 38 49 86 62 68 30 5 75 81 48 28 53 46 60 60 66 41 68 24 71 84 53 84 15 78 40 58 29 35 58 66 48 77 4 3 28 51 53 75 30 57 20 90 17 37 82 84 13 52 20 65 87 34 78 83 3 58 69 13 24 68 41 71 71 44 50 74 77 3 
53
48 21 25 4 13 8 7 40 42 10 29 14 42 9 4 8 15 19 28 43 47 19 32 18 18 23 21 3 43 49 48 31 47 9 17 18 29 11 13 35 16 6 10 49 11 37 33 10 46 36 14 48 6 
25
6 10 4 2 12 13 7 4 18 11 13 1 5 6 21 19 6 22 4 6 21 2 5 19 10 
75
21 33 16 51 1 74 17 70 27 16 58 53 12 11 9 61 65 27 26 1 30 66 73 67 65 49 14 35 42 58 8 39 1 7 70 65 22 70 42 46 58 57 9 26 26 64 60 39 21 68 29 21 6 36 42 23 9 73 46 66 69 23 25 57 34 12 56 67 56 53 64 50 41 60 69 
72
17 56 66 39 17 30 62 55 51 53 27 60 55 40 10 45 43 46 35 71 46 7 14 14 60 53 30 1 34 44 55 36 48 63 39 67 46 6 52 55 2 45 49 48 68 35 43 57 38 50 19 29 32 19 50 6 64 55 57 71 9 53 19 8 21 6 11 37 47 30 32 62 
65
32 45 64 63 22 28 49 36 19 43 54 24 64 61 62 42 19 55 2 17 62 56 32 29 55 57 29 55 44 11 64 49 25 61 49 41 2 48 26 42 11 26 47 33 10 62 10 29 18 61 8 64 56 16 35 41 34 61 57 1 36 45 46 6 51 
15
10 3 4 8 9 14 14 1 14 6 6 13 5 4 10 
78
57 69 22 76 70 43 34 55 43 20 2 18 47 72 74 25 76 53 26 74 40 40 61 43 51 23 72 7 35 12 38 77 71 42 11 8 36 39 12 14 38 39 29 77 52 23 74 38 16 39 72 27 76 26 35 70 40 71 68 18 15 56 16 22 36 45 73 58 24 4 13 13 43 70 36 16 68 70 
38
17 8 35 15 30 25 26 35 1 14 2 21 22 15 9 23 15 24 7 34 18 31 19 21 33 25 7 7 17 19 11 1 4 36 3 28 2 19 
17
2 1 14 10 13 6 4 14 14 7 1 5 11 11 16 4 5 
28
6 11 14 3 24 14 18 14 18 26 8 1 25 14 4 19 27 10 22 18 13 3 19 17 19 26 10 20 
18
13 12 17 7 8 4 12 10 2 8 4 12 2 5 1 10 15 13 
17
4 15 3 11 1 2 9 10 15 2 4 12 15 2 1 11 7 
41
22 37 40 11 23 21 10 9 5 23 40 29 23 38 37 24 17 6 12 19 40 20 39 29 18 20 12 26 9 40 31 9 6 29 11 6 11 22 24 14 22 
76
69 47 33 70 21 52 1 58 37 40 42 69 52 26 1 26 49 3 67 14 2 41 22 35 2 20 35 48 12 56 52 64 4 9 43 5 42 63 46 45 46 70 36 1 1 75 75 62 28 40 52 62 40 15 69 24 29 67 55 70 29 15 69 56 72 57 50 2 24 59 3 64 38 28 8 56 
74
32 26 55 23 27 29 50 48 39 53 58 20 55 8 56 70 54 54 62 53 37 36 14 41 19 5 15 50 45 33 7 32 21 59 41 65 49 48 35 45 1 73 34 1 25 22 13 35 31 32 73 62 57 72 68 40 36 29 29 25 35 69 68 69 41 8 68 17 34 51 42 24 12 47 
32
18 26 8 5 23 29 20 5 28 18 26 25 16 10 17 7 14 30 26 16 13 9 8 1 24 7 11 3 20 14 1 7 
47
29 30 5 10 23 7 12 7 5 22 36 28 39 45 36 43 19 43 25 28 4 9 4 15 22 6 26 42 36 17 26 24 20 4 1 2 25 40 24 6 11 5 29 36 33 9 5 
4
1 1 3 1 
50
26 26 29 28 33 29 13 26 23 3 23 34 5 32 4 5 33 14 30 37 8 23 33 13 46 14 40 24 23 8 10 37 24 46 37 12 34 25 2 4 35 45 27 34 29 23 41 1 26 12 
52
40 44 8 47 12 27 7 19 48 39 24 25 24 5 47 21 22 33 41 46 37 16 24 8 48 20 11 19 34 38 24 22 20 19 8 41 9 10 49 49 39 26 43 49 16 14 30 17 40 26 15 18 
81
55 45 19 14 5 80 15 72 38 63 11 63 57 11 30 70 52 5 70 40 13 10 38 19 9 8 15 52 17 57 80 9 42 47 17 53 29 39 20 54 16 59 20 39 70 47 29 62 58 42 5 20 42 48 62 40 64 66 68 54 14 40 43 67 55 54 12 25 50 9 15 49 37 56 62 69 65 55 9 21 42 
29
2 4 10 4 15 13 3 3 19 18 11 1 2 7 10 23 28 13 14 15 22 14 23 26 18 14 11 3 27 
85
8 53 77 39 52 55 71 45 66 32 14 5 18 47 58 10 50 7 19 63 70 21 13 3 11 4 25 1 55 13 7 35 3 57 18 69 6 22 53 63 43 62 50 20 68 6 40 18 44 39 14 6 42 39 58 49 3 65 40 38 19 48 55 53 29 72 57 66 18 57 11 15 78 50 32 73 41 78 34 36 36 34 52 25 27 
22
9 4 3 6 20 21 6 4 1 17 4 17 5 7 3 3 15 13 19 6 10 13 
67
11 38 13 31 17 57 56 38 47 47 51 1 13 47 43 12 61 25 17 34 59 10 5 48 57 23 60 52 44 65 44 54 57 42 10 55 50 66 44 35 29 20 25 23 30 43 1 37 30 25 7 24 61 25 21 66 23 2 32 57 23 26 29 48 10 27 39 
79
27 76 8 70 16 32 76 51 7 27 56 61 45 44 19 42 52 67 32 43 14 42 40 57 19 7 16 74 48 63 24 6 51 50 58 38 40 6 43 50 45 75 11 68 23 50 47 68 6 7 70 55 20 56 29 49 17 39 71 22 69 65 24 66 39 68 76 58 77 57 69 62 16 3 61 72 46 60 43 
2
1 1 
36
6 17 30 34 30 9 10 10 27 34 33 34 12 34 4 25 2 5 2 11 22 7 5 32 3 18 26 30 31 32 1 26 5 15 10 14 
98
3 19 3 72 57 81 1 95 63 32 96 40 88 19 87 2 97 20 16 6 58 11 55 38 52 3 75 76 6 41 25 8 11 28 79 67 8 31 14 22 15 61 61 54 79 8 27 19 23 85 76 33 39 65 36 42 92 64 84 88 6 94 67 36 13 26 18 78 47 32 38 60 38 68 59 45 95 77 19 79 4 52 17 20 39 10 11 54 8 94 94 65 40 60 52 52 38 70 
81
36 53 18 53 79 5 57 8 26 4 46 66 52 12 45 11 51 4 63 54 34 29 36 3 75 78 28 63 18 60 19 26 44 26 3 24 16 75 36 27 19 46 29 74 60 34 67 43 19 47 31 21 21 60 60 22 77 60 41 54 55 18 57 5 41 46 20 15 47 33 78 27 7 61 25 32 79 23 14 52 43 
73
11 47 39 54 39 60 56 64 45 35 63 7 60 54 20 30 50 52 1 17 63 40 15 53 45 53 4 61 19 9 54 71 69 18 27 45 71 22 64 52 53 66 3 18 49 13 28 33 32 36 7 52 69 60 23 45 40 16 63 5 14 41 22 17 37 40 17 2 72 4 56 36 64 
37
24 8 13 30 33 21 26 4 11 18 6 13 26 24 19 30 4 28 18 14 15 14 33 8 8 34 3 24 32 36 3 34 18 15 3 10 31 
21
14 7 14 16 20 13 19 2 14 17 6 8 4 7 19 15 20 2 12 10 12 
24
12 18 12 15 11 12 13 12 9 4 12 8 4 18 16 1 23 1 6 11 19 13 8 22 
60
24 20 30 3 17 19 5 55 2 24 28 47 31 10 3 28 51 27 52 49 22 22 36 26 21 47 57 59 37 3 41 58 34 31 46 2 45 58 25 10 9 40 50 30 24 8 19 48 36 33 34 18 32 55 16 22 24 11 44 23 
19
3 10 5 6 9 7 12 7 8 3 8 3 15 7 7 15 8 7 9 
42
27 33 40 33 6 6 35 33 8 9 4 10 33 26 23 34 28 21 11 26 21 3 3 20 37 22 7 21 9 39 31 33 20 9 29 25 27 14 15 17 1 21 
96
44 78 86 4 24 76 86 8 48 39 68 39 47 90 60 28 14 42 22 92 59 36 58 38 4 20 38 79 33 10 74 28 87 59 31 62 87 16 70 34 55 89 24 53 78 83 80 43 76 54 86 35 41 43 72 44 15 61 23 47 70 74 8 7 56 69 93 71 90 78 77 78 1 30 7 84 61 49 59 14 86 45 6 29 16 50 95 28 72 41 49 19 66 56 25 73 
77
69 43 66 46 72 47 1 2 13 3 40 68 52 33 62 32 56 54 75 71 43 64 20 38 65 9 28 63 61 30 44 25 36 3 23 72 75 71 4 58 27 58 38 1 51 23 40 70 12 72 72 1 32 8 64 11 7 49 28 33 19 32 41 28 20 4 21 5 66 59 76 17 60 59 8 67 12 
91
29 49 77 77 81 47 8 71 44 50 20 5 13 51 12 18 17 70 45 85 81 4 82 88 22 30 50 42 78 78 19 59 76 78 81 19 78 31 11 87 53 61 38 64 30 6 34 75 90 14 30 71 54 3 16 83 52 57 13 81 27 23 56 5 3 27 82 85 37 30 72 89 42 9 5 72 14 38 3 3 79 26 8 81 41 32 3 64 24 77 19 
80
79 45 13 16 33 74 35 47 78 58 12 67 7 66 21 29 65 71 48 32 25 11 7 1 31 78 46 63 43 77 30 17 41 59 55 78 49 35 42 32 57 42 15 52 21 33 6 64 63 55 61 77 45 64 25 74 11 67 14 4 25 20 25 55 74 8 11 15 22 44 19 42 76 3 39 17 53 1 8 26 
21
14 7 13 17 4 16 8 6 6 12 14 3 14 1 2 9 9 9 14 4 7 
